[[[ 36  27 237]
  [ 36  27 236]
  [ 36  26 236]
  [ 37  27 236]
  [ 36  27 236]
  [ 37  26 237]
  [ 37  26 237]
  [ 37  26 236]
  [ 36  27 237]
  [ 36  27 237]]

 [[ 36  26 236]
  [ 37  27 236]
  [ 37  27 237]
  [ 37  26 236]
  [ 37  26 236]
  [ 36  27 237]
  [ 36  27 237]
  [ 36  27 237]
  [ 36  27 237]
  [ 36  27 237]]

 [[ 36  27 237]
  [ 36  27 237]
  [ 36  27 237]
  [ 36  27 237]
  [ 36  27 237]
  [ 36  27 237]
  [ 36  27 237]
  [ 36  27 237]
  [ 36  27 237]
  [ 36  27 237]]

 [[ 36  27 237]
  [ 36  27 237]
  [ 36  27 237]
  [ 36  27 237]
  [ 36  27 237]
  [ 36  27 237]
  [ 36  27 237]
  [ 36  27 237]
  [ 36  27 237]
  [ 36  27 237]]

 [[ 36  27 237]
  [ 36  27 237]
  [ 36  27 237]
  [ 36  27 237]
  [ 36  27 237]
  [ 36  27 237]
  [ 36  27 237]
  [ 36  27 237]
  [ 36  27 237]
  [ 36  27 237]]

 [[ 36  27 237]
  [ 36  27 237]
  [ 36  27 237]
  [ 36  27 237]
  [ 36  27 237]
  [ 36  27 237]
  [ 36  27 237]
  [ 36  27 237]
  [ 36  27 237]
  [ 36  27 237]]

 [[ 36  27 237]
  [ 36  27 237]
  [ 36  27 237]
  [ 36  27 237]
  [ 36  27 237]
  [ 36  27 237]
  [ 36  27 237]
  [ 36  27 237]
  [ 36  27 237]
  [ 36  27 237]]

 [[ 36  27 237]
  [ 36  27 237]
  [ 36  27 237]
  [ 36  27 237]
  [ 36  27 237]
  [ 36  27 237]
  [ 36  27 237]
  [ 36  27 237]
  [ 36  27 237]
  [ 36  27 237]]

 [[ 36  27 237]
  [ 36  27 237]
  [ 36  27 237]
  [ 36  27 237]
  [ 36  27 237]
  [ 36  27 237]
  [ 36  27 237]
  [ 36  27 237]
  [ 36  27 237]
  [ 36  27 237]]

 [[ 36  27 237]
  [ 36  27 237]
  [ 36  27 237]
  [ 36  27 237]
  [ 36  27 237]
  [ 36  27 237]
  [ 36  27 237]
  [ 36  27 237]
  [ 36  27 237]
  [ 36  27 237]]]