
Choose an operation:
Encode a message        - E
Decode a message        - D
Print a message         - P
Show an image           - S
Quit the program        - Q
Choose an image file:
Choose an output image file:
Please type a message, use only ASCII characters:

Choose a codec method or return to the main menu:
Steganography only               - S
Steganography & Caesar Cypher    - C
Steganography & Huffman Codes    - H
Return to the main menu          - Q
Maximum bytes available: 37
Bytes to encode: 7
This is the binary: 011010000110010101101100011011000110111100100011
This is being written [[[ 36  27 237]
  [ 36  27 236]
  [ 36  26 236]
  [ 37  27 236]
  [ 36  27 236]
  [ 37  26 237]
  [ 37  26 237]
  [ 37  26 236]
  [ 36  27 237]
  [ 36  27 237]]

 [[ 36  26 236]
  [ 37  27 236]
  [ 37  27 237]
  [ 37  26 236]
  [ 37  26 236]
  [ 36  27 237]
  [ 36  27 237]
  [ 36  27 237]
  [ 36  27 237]
  [ 36  27 237]]

 [[ 36  27 237]
  [ 36  27 237]
  [ 36  27 237]
  [ 36  27 237]
  [ 36  27 237]
  [ 36  27 237]
  [ 36  27 237]
  [ 36  27 237]
  [ 36  27 237]
  [ 36  27 237]]

 [[ 36  27 237]
  [ 36  27 237]
  [ 36  27 237]
  [ 36  27 237]
  [ 36  27 237]
  [ 36  27 237]
  [ 36  27 237]
  [ 36  27 237]
  [ 36  27 237]
  [ 36  27 237]]

 [[ 36  27 237]
  [ 36  27 237]
  [ 36  27 237]
  [ 36  27 237]
  [ 36  27 237]
  [ 36  27 237]
  [ 36  27 237]
  [ 36  27 237]
  [ 36  27 237]
  [ 36  27 237]]

 [[ 36  27 237]
  [ 36  27 237]
  [ 36  27 237]
  [ 36  27 237]
  [ 36  27 237]
  [ 36  27 237]
  [ 36  27 237]
  [ 36  27 237]
  [ 36  27 237]
  [ 36  27 237]]

 [[ 36  27 237]
  [ 36  27 237]
  [ 36  27 237]
  [ 36  27 237]
  [ 36  27 237]
  [ 36  27 237]
  [ 36  27 237]
  [ 36  27 237]
  [ 36  27 237]
  [ 36  27 237]]

 [[ 36  27 237]
  [ 36  27 237]
  [ 36  27 237]
  [ 36  27 237]
  [ 36  27 237]
  [ 36  27 237]
  [ 36  27 237]
  [ 36  27 237]
  [ 36  27 237]
  [ 36  27 237]]

 [[ 36  27 237]
  [ 36  27 237]
  [ 36  27 237]
  [ 36  27 237]
  [ 36  27 237]
  [ 36  27 237]
  [ 36  27 237]
  [ 36  27 237]
  [ 36  27 237]
  [ 36  27 237]]

 [[ 36  27 237]
  [ 36  27 237]
  [ 36  27 237]
  [ 36  27 237]
  [ 36  27 237]
  [ 36  27 237]
  [ 36  27 237]
  [ 36  27 237]
  [ 36  27 237]
  [ 36  27 237]]]
This is new [[[ 36  27 237]
  [ 36  27 237]
  [ 36  27 237]
  [ 36  27 237]
  [ 36  27 237]
  [ 36  27 237]
  [ 36  27 237]
  [ 36  27 237]
  [ 36  27 237]
  [ 36  27 237]]

 [[ 36  27 237]
  [ 36  27 237]
  [ 36  27 237]
  [ 36  27 237]
  [ 36  27 237]
  [ 36  27 237]
  [ 36  27 237]
  [ 36  27 237]
  [ 36  27 237]
  [ 36  27 237]]

 [[ 36  27 237]
  [ 36  27 237]
  [ 36  27 237]
  [ 36  27 237]
  [ 36  27 237]
  [ 36  27 237]
  [ 36  27 237]
  [ 36  27 237]
  [ 36  27 237]
  [ 36  27 237]]

 [[ 36  27 237]
  [ 36  27 237]
  [ 36  27 237]
  [ 36  27 237]
  [ 36  27 237]
  [ 36  27 237]
  [ 36  27 237]
  [ 36  27 237]
  [ 36  27 237]
  [ 36  27 237]]

 [[ 36  27 237]
  [ 36  27 237]
  [ 36  27 237]
  [ 36  27 237]
  [ 36  27 237]
  [ 36  27 237]
  [ 36  27 237]
  [ 36  27 237]
  [ 36  27 237]
  [ 36  27 237]]

 [[ 36  27 237]
  [ 36  27 237]
  [ 36  27 237]
  [ 36  27 237]
  [ 36  27 237]
  [ 36  27 237]
  [ 36  27 237]
  [ 36  27 237]
  [ 36  27 237]
  [ 36  27 237]]

 [[ 36  27 237]
  [ 36  27 237]
  [ 36  27 237]
  [ 36  27 237]
  [ 36  27 237]
  [ 36  27 237]
  [ 36  27 237]
  [ 36  27 237]
  [ 36  27 237]
  [ 36  27 237]]

 [[ 36  27 237]
  [ 36  27 237]
  [ 36  27 237]
  [ 36  27 237]
  [ 36  27 237]
  [ 36  27 237]
  [ 36  27 237]
  [ 36  27 237]
  [ 36  27 237]
  [ 36  27 237]]

 [[ 36  27 237]
  [ 36  27 237]
  [ 36  27 237]
  [ 36  27 237]
  [ 36  27 237]
  [ 36  27 237]
  [ 36  27 237]
  [ 36  27 237]
  [ 36  27 237]
  [ 36  27 237]]

 [[ 36  27 237]
  [ 36  27 237]
  [ 36  27 237]
  [ 36  27 237]
  [ 36  27 237]
  [ 36  27 237]
  [ 36  27 237]
  [ 36  27 237]
  [ 36  27 237]
  [ 36  27 237]]]
Text message: hello
Binary message: 011010000110010101101100011011000110111100100011

Choose an operation:
Encode a message        - E
Decode a message        - D
Print a message         - P
Show an image           - S
Quit the program        - Q
Choose an image file:

Choose an operation:
Encode a message        - E
Decode a message        - D
Print a message         - P
Show an image           - S
Quit the program        - Q
